Datetime,Water Level (m)
2026-04-17 00:00:00,-1.3747245
2026-04-17 01:00:00,-1.8404342
2026-04-17 02:00:00,-1.6959935
2026-04-17 03:00:00,-0.5721797
2026-04-17 04:00:00,0.31927934
2026-04-17 05:00:00,1.0852839
2026-04-17 06:00:00,1.4971379
2026-04-17 07:00:00,1.7209166
2026-04-17 08:00:00,1.6059848
2026-04-17 09:00:00,1.0941406
2026-04-17 10:00:00,0.42468876
2026-04-17 11:00:00,-0.24482654
2026-04-17 12:00:00,-0.970372
2026-04-17 13:00:00,-1.5142624
2026-04-17 14:00:00,-1.8261786
2026-04-17 15:00:00,-0.86940205
2026-04-17 16:00:00,0.11055532
2026-04-17 17:00:00,0.87240696
2026-04-17 18:00:00,1.2789161
2026-04-17 19:00:00,1.5231214
2026-04-17 20:00:00,1.4446564
2026-04-17 21:00:00,0.9934742
2026-04-17 22:00:00,0.34883386
2026-04-17 23:00:00,-0.33070976
2026-04-18 00:00:00,-1.044721
2026-04-18 01:00:00,-1.6294479
2026-04-18 02:00:00,-2.048118
2026-04-18 03:00:00,-1.256565
2026-04-18 04:00:00,-0.10445922
2026-04-18 05:00:00,0.7847672
2026-04-18 06:00:00,1.4037645
2026-04-18 07:00:00,1.7839024
2026-04-18 08:00:00,1.831661
2026-04-18 09:00:00,1.5197966
2026-04-18 10:00:00,0.92780185
2026-04-18 11:00:00,0.23041195
2026-04-18 12:00:00,-0.53676254
2026-04-18 13:00:00,-1.1285228
2026-04-18 14:00:00,-1.6497784
2026-04-18 15:00:00,-1.6921978
2026-04-18 16:00:00,-0.5262489
2026-04-18 17:00:00,0.35169098
2026-04-18 18:00:00,1.0621581
2026-04-18 19:00:00,1.4190346
2026-04-18 20:00:00,1.5439545
2026-04-18 21:00:00,1.3562988
2026-04-18 22:00:00,0.80157286
2026-04-18 23:00:00,0.16083588
2026-04-19 00:00:00,-0.5635143
2026-04-19 01:00:00,-1.2170258
2026-04-19 02:00:00,-1.8370866
2026-04-19 03:00:00,-1.930035
2026-04-19 04:00:00,-0.7460258
2026-04-19 05:00:00,0.26836097
2026-04-19 06:00:00,1.1387798
2026-04-19 07:00:00,1.6397814
2026-04-19 08:00:00,1.8958204
2026-04-19 09:00:00,1.8370901
2026-04-19 10:00:00,1.3975474
2026-04-19 11:00:00,0.7578928
2026-04-19 12:00:00,0.045359906
2026-04-19 13:00:00,-0.69582844
2026-04-19 14:00:00,-1.2955364
2026-04-19 15:00:00,-1.7200747
2026-04-19 16:00:00,-1.3827238
2026-04-19 17:00:00,-0.28931186
2026-04-19 18:00:00,0.54448307
2026-04-19 19:00:00,1.1345792
2026-04-19 20:00:00,1.4179645
2026-04-19 21:00:00,1.4673057
2026-04-19 22:00:00,1.1638999
2026-04-19 23:00:00,0.5642569
2026-04-20 00:00:00,-0.066181116
2026-04-20 01:00:00,-0.78632766
2026-04-20 02:00:00,-1.391905
2026-04-20 03:00:00,-1.8711318
2026-04-20 04:00:00,-1.5687665
2026-04-20 05:00:00,-0.34772617
2026-04-20 06:00:00,0.5740012
2026-04-20 07:00:00,1.326358
2026-04-20 08:00:00,1.7792776
2026-04-20 09:00:00,1.9626349
2026-04-20 10:00:00,1.8244845
2026-04-20 11:00:00,1.3331035
2026-04-20 12:00:00,0.66692024
2026-04-20 13:00:00,-0.035419513
2026-04-20 14:00:00,-0.75160015
2026-04-20 15:00:00,-1.301328
2026-04-20 16:00:00,-1.5856842
2026-04-20 17:00:00,-0.97764105
2026-04-20 18:00:00,-0.030135365
2026-04-20 19:00:00,0.6965252
2026-04-20 20:00:00,1.1572036
2026-04-20 21:00:00,1.3796564
2026-04-20 22:00:00,1.3715744
2026-04-20 23:00:00,0.9896264
2026-04-21 00:00:00,0.40275857
2026-04-21 01:00:00,-0.22019011
2026-04-21 02:00:00,-0.89610124
2026-04-21 03:00:00,-1.4273953
2026-04-21 04:00:00,-1.7217168
2026-04-21 05:00:00,-1.0459862
2026-04-21 06:00:00,-0.037990414
2026-04-21 07:00:00,0.77920985
2026-04-21 08:00:00,1.3390905
2026-04-21 09:00:00,1.7628597
2026-04-21 10:00:00,1.8792468
2026-04-21 11:00:00,1.6452384
2026-04-21 12:00:00,1.1446613
2026-04-21 13:00:00,0.47046256
2026-04-21 14:00:00,-0.1772772
2026-04-21 15:00:00,-0.84702915
2026-04-21 16:00:00,-1.345385
2026-04-21 17:00:00,-1.488258
2026-04-21 18:00:00,-0.7734745
2026-04-21 19:00:00,0.005247023
2026-04-21 20:00:00,0.67548174
2026-04-21 21:00:00,1.068074
2026-04-21 22:00:00,1.2765012
2026-04-21 23:00:00,1.2214423
2026-04-22 00:00:00,0.82334566
2026-04-22 01:00:00,0.27410626
2026-04-22 02:00:00,-0.3086573
2026-04-22 03:00:00,-0.94394666
2026-04-22 04:00:00,-1.3997905
2026-04-22 05:00:00,-1.5047603
2026-04-22 06:00:00,-0.7703875
2026-04-22 07:00:00,0.018891782
2026-04-22 08:00:00,0.7470231
2026-04-22 09:00:00,1.2474406
2026-04-22 10:00:00,1.5928018
2026-04-22 11:00:00,1.6817869
2026-04-22 12:00:00,1.4342757
2026-04-22 13:00:00,0.96110797
2026-04-22 14:00:00,0.3393147
2026-04-22 15:00:00,-0.2941832
2026-04-22 16:00:00,-0.89938205
2026-04-22 17:00:00,-1.3330474
2026-04-22 18:00:00,-1.3975123
2026-04-22 19:00:00,-0.808016
2026-04-22 20:00:00,-0.12728228
2026-04-22 21:00:00,0.42597094
2026-04-22 22:00:00,0.787891
2026-04-22 23:00:00,0.9821479
2026-04-23 00:00:00,0.96641654
